1 1
1.44933 1.89337
1.52793 2.89027
2.37733 3.41802
3.15253 4.04973
3.90996 4.70265
4.59284 5.43318
4.70906 6.4264
4.6375 7.42384
4.61805 8.42365
4.35292 9.38786
3.97602 10.3141
4.71768 10.9849
5.25569 11.8278
6.12321 12.3252
6.99924 12.8075
6.5003 13.6741
7.28148 14.2984
8.27561 14.4066
9.26668 14.2732
10.2501 14.4548
11.2375 14.2966
12.2342 14.2159
13.0727 13.671
13.9963 14.0542
14.9389 13.7202
15.7604 14.2904
16.3536 15.0955
16.5794 16.0696
17.1048 16.9205
17.8741 17.5594
18.7694 18.005
19.2966 18.8547
19.9612 19.6019
20 20
