1 1
1.83634 1.54822
2.49368 2.30181
2.61519 3.2944
3.60461 3.1493
4.30546 3.86261
4.19868 4.85689
4.95681 5.509
5.49226 6.35356
6.01518 7.20594
6.96576 7.51642
6.58333 8.4404
6.26274 9.38762
5.94551 10.336
6.39754 11.228
7.21732 11.8006
8.08682 12.2946
9.07652 12.4377
10.0755 12.3917
11.075 12.4214
11.8344 13.072
12.7809 12.7491
13.129 13.6865
13.7229 14.4911
14.6889 14.2327
15.3018 13.4426
16.2958 13.5524
16.8006 14.4156
17.0151 15.3924
17.2005 16.375
17.9509 17.036
17.654 17.9909
18.6135 18.2725
19.6095 18.1825
19.6756 19.1804
20 20
